#Inventor V2.1 ascii
Points:
0 0
-1 -1
1 1
Edges:
0 1
1 2
2 0
-----------------------------------------
#Centroid:
Points:
0 0
1 0
2 -1
2.5 3
-1 2.5
-1.5 1
-0.9 -2
-0.4 1.2
Edges:
0 1
1 2
2 3
3 4
4 5
5 6
6 7
7 0
Points:
0.547304832714 1.17881040892 # <-- this is centroid
#Centroid END
-------------------------------------------
#polySmoothAcuteAngles:
Points:
0 0
-0.5 -1
0.5 -1
5 0.5
4.99 1
5.01 1.5
5 2
4.5 2.01
4 1.99
3.5 2
-3 2
-2.1 1.8
-3 1.7
-5 1.6
-1 1.5
-3 1
0 0.7
Edges:
0 1
1 2
2 3
3 4
4 5
5 6
6 7
7 8
8 9
9 10
10 11
11 12
12 13
13 14
14 15
15 16
16 0
++++++++++++++++++++++++++++++++++++++++++
Points:
0 0
-0.5 -1
0.5 -1
5 0.5
4.99 1
5.01 1.5
5 2
4.5 2.01
4 1.99
3.5 2
-1 1.5
0 0.7
Edges:
0 1
1 2
2 3
3 4
4 5
5 6
6 7
7 8
8 9
9 10
10 11
11 0

-------------------------------------------------
#polySmoothObscuteAngles:
Points:
0 0
-0.5 -1
0.5 -1
5 0.5
4.99 1
5.01 1.5
5 2
4.5 2.01
4 1.99
3.5 2
-3 2
-2.1 1.8
-3 1.7
-5 1.6
-1 1.5
-3 1
0 0.7
Edges:
0 1
1 2
2 3
3 4
4 5
5 6
6 7
7 8
8 9
9 10
10 11
11 12
12 13
13 14
14 15
15 16
16 0
++++++++++++++++++++++++++++++++==
Points:
0 0
-0.5 -1
5 0.5
5 2
-3 2
-2.1 1.8
-5 1.6
-1 1.5
-3 1
0 0.7
Edges:
0 1
1 2
2 3
3 4
4 5
5 6
6 7
7 8
8 9
9 0
-----------------------------------------
# Transformation polygon
Points:
0 0
0 1
1 1
1 2
0 3
0 5
-1 4
-1 3.5
-1.5 3
-2 5
-3 5.5
-3 0
-2 -1
Edges:
0 1
1 2
2 3
3 4
4 5
5 6
6 7
7 8
8 9
9 10
10 11
11 12
12 0
+++++++++++++++++++++++++++++++++++++++
# Translated by (55) and than rotated about origin by PI/2
Points:
-5.00000021856 4.99999978144
-6.00000021856 4.99999973773
-6.00000026227 5.99999973773
-7.00000026227 5.99999969402
-8.00000021856 4.99999965031
-10.0000002186 4.99999956289
-9.00000017485 3.9999996066
-8.50000017485 3.99999962845
-8.00000015299 3.49999965031
-10.0000001311 2.99999956289
-10.5000000874 1.99999954103
-5.00000008742 1.99999978144
-4.00000013113 2.99999982515
Edges:
0 1
1 2
2 3
3 4
4 5
5 6
6 7
7 8
8 9
9 10
10 11
11 12
12 0
---------------------------------------------

# Decomposition:
#Theta: 0.3
Points:
-1.5 3
0 3
0 5
-1 4
-1 3.5
Edges:
0 1
1 2
2 3
3 4
4 0
++++++++++++++++++++++++++++++++
Points:
-1.5 3
0 1
1 2
0 3
Edges:
0 1
1 2
2 3
3 0

Points:
-1.5 3
-2 5
-3 5.5
-3 0
-2 -1
0 0
0 1
Edges:
0 1
1 2
2 3
3 4
4 5
5 6
6 0

Points:
0 1
1 1
1 2
Edges:
0 1
1 2
2 0
